42 42
40 41 41 41 41 41 41 41 41 41 41 41 41 41 41 41 41 41 41 41 41 41 41 41 41 41 41 41 41 41 41 41 41 41 41 41 41 41 41 41 41 42 
40 41 41 42 102 40 41 41 41 41 41 41 41 41 41 41 41 41 41 41 41 41 41 41 41 41 41 41 41 41 41 41 41 41 41 41 41 41 41 41 41 42 
40 41 41 42 103 40 41 41 41 41 41 41 41 41 41 41 41 41 41 41 41 41 41 41 41 41 41 41 41 41 41 41 41 41 41 41 41 41 41 41 41 42 
40 41 41 42 101 40 41 41 41 41 41 41 41 41 41 41 41 41 41 41 41 41 41 41 41 41 41 41 41 41 41 41 41 41 41 41 41 41 41 41 41 42 
40 1 1 1 1 1 1 1 1 1 1 1 1 1 1 1 1 1 1 1 1 1 1 1 1 1 1 1 1 1 1 1 1 1 1 1 1 1 1 1 41 42 
40 1 41 1 41 1 41 1 41 1 41 1 41 1 41 1 41 1 41 1 41 1 41 1 41 1 41 1 41 1 41 1 41 1 41 1 41 1 41 1 41 42 
40 1 41 1 41 1 41 1 41 1 41 1 41 1 41 1 41 1 41 1 41 1 41 1 41 1 41 1 41 1 41 1 41 1 41 1 41 1 41 1 41 42 
40 1 41 1 41 1 41 1 41 1 41 1 41 1 41 1 41 1 41 1 41 1 41 1 41 1 41 1 41 1 41 1 41 1 41 1 41 1 41 1 41 42 
40 1 41 1 41 1 41 1 41 1 41 1 41 1 41 1 41 1 41 1 41 1 41 1 41 1 41 1 41 1 41 1 41 1 41 1 41 1 41 1 41 42 
40 1 41 1 41 1 41 1 41 1 41 1 41 1 41 1 41 1 41 1 41 1 41 1 41 1 41 1 41 1 41 1 41 1 41 1 41 1 41 1 41 42 
40 1 41 1 41 1 41 1 41 1 41 1 41 1 41 1 41 1 41 1 41 1 41 1 41 1 41 1 41 1 41 1 41 1 41 1 41 1 41 1 41 42 
40 1 41 1 41 1 41 1 41 1 41 1 41 1 41 1 41 1 41 1 41 1 41 1 41 1 41 1 41 1 41 1 41 1 41 1 41 1 41 1 41 42 
40 1 41 1 41 1 41 1 41 1 41 1 41 1 41 1 41 1 41 1 41 1 41 1 41 1 41 1 41 1 41 1 41 1 41 1 41 1 41 1 41 42 
40 1 41 1 41 1 41 1 41 1 41 1 41 1 41 1 41 1 41 1 41 1 41 1 41 1 41 1 41 1 41 1 41 1 41 1 41 1 41 1 41 42 
40 1 41 1 41 1 41 1 41 1 41 1 41 1 41 1 41 1 41 1 41 1 41 1 41 1 41 1 41 1 41 1 41 1 41 1 41 1 41 1 41 42 
40 1 41 1 41 1 41 1 41 1 41 1 41 1 41 1 41 1 41 1 41 1 41 1 41 1 41 1 41 1 41 1 41 1 41 1 41 1 41 1 41 42 
40 1 41 1 41 1 41 1 41 1 41 1 41 1 41 1 41 1 41 1 41 1 41 1 41 1 41 1 41 1 41 1 41 1 41 1 41 1 41 1 41 42 
40 1 41 1 41 1 41 1 41 1 41 1 41 1 41 1 41 1 41 1 41 1 41 1 41 1 41 1 41 1 41 1 41 1 41 1 41 1 41 1 41 42 
40 1 41 1 41 1 41 1 41 1 41 1 41 1 41 1 41 1 41 1 41 1 41 1 41 1 41 1 41 1 41 1 41 1 41 1 41 1 41 1 41 42 
40 1 41 1 41 1 41 1 41 1 41 1 41 1 41 1 41 1 41 1 41 1 41 1 41 1 41 1 41 1 41 1 41 1 41 1 41 1 41 1 41 42 
40 1 41 1 41 1 41 1 41 1 41 1 41 1 41 1 41 1 41 1 41 1 41 1 41 1 41 1 41 1 41 1 41 1 41 1 41 1 41 1 41 42 
40 1 41 1 41 1 41 1 41 1 41 1 41 1 41 1 41 1 41 1 41 1 41 1 41 1 41 1 41 1 41 1 41 1 41 1 41 1 41 1 41 42 
40 1 41 1 41 1 41 1 41 1 41 1 41 1 41 1 41 1 41 1 41 1 41 1 41 1 41 1 41 1 41 1 41 1 41 1 41 1 41 1 41 42 
40 1 41 1 41 1 41 1 41 1 41 1 41 1 41 1 41 1 41 1 41 1 41 1 41 1 41 1 41 1 41 1 41 1 41 1 41 1 41 1 41 42 
40 1 41 1 41 1 41 1 41 1 41 1 41 1 41 1 41 1 41 1 41 1 41 1 41 1 41 1 41 1 41 1 41 1 41 1 41 1 41 1 41 42 
40 1 41 1 41 1 41 1 41 1 41 1 41 1 41 1 41 1 41 1 41 1 41 1 41 1 41 1 41 1 41 1 41 1 41 1 41 1 41 1 41 42 
40 1 41 1 41 1 41 1 41 1 41 1 41 1 41 1 41 1 41 1 41 1 41 1 41 1 41 1 41 1 41 1 41 1 41 1 41 1 41 1 41 42 
40 1 41 1 41 1 41 1 41 1 41 1 41 1 41 1 41 1 41 1 41 1 41 1 41 1 41 1 41 1 41 1 41 1 41 1 41 1 41 1 41 42 
40 1 41 1 41 1 41 1 41 1 41 1 41 1 41 1 41 1 41 1 41 1 41 1 41 1 41 1 41 1 41 1 41 1 41 1 41 1 41 1 41 42 
40 1 41 1 41 1 41 1 41 1 41 1 41 1 41 1 41 1 41 1 41 1 41 1 41 1 41 1 41 1 41 1 41 1 41 1 41 1 41 1 41 42 
40 1 41 1 41 1 41 1 41 1 41 1 41 1 41 1 41 1 41 1 41 1 41 1 41 1 41 1 41 1 41 1 41 1 41 1 41 1 41 1 41 42 
40 1 41 1 41 1 41 1 41 1 41 1 41 1 41 1 41 1 41 1 41 1 41 1 41 1 41 1 41 1 41 1 41 1 41 1 41 1 41 1 41 42 
40 1 41 1 41 1 41 1 41 1 41 1 41 1 41 1 41 1 41 1 41 1 41 1 41 1 41 1 41 1 41 1 41 1 41 1 41 1 41 1 41 42 
40 1 41 1 41 1 41 1 41 1 41 1 41 1 41 1 41 1 41 1 41 1 41 1 41 1 41 1 41 1 41 1 41 1 41 1 41 1 41 1 41 42 
40 1 41 1 41 1 41 1 41 1 41 1 41 1 41 1 41 1 41 1 41 1 41 1 41 1 41 1 41 1 41 1 41 1 41 1 41 1 41 1 41 42 
40 1 41 1 41 1 41 1 41 1 41 1 41 1 41 1 41 1 41 1 41 1 41 1 41 1 41 1 41 1 41 1 41 1 41 1 41 1 41 1 41 42 
40 1 41 1 41 1 41 1 41 1 41 1 41 1 41 1 41 1 41 1 41 1 41 1 41 1 41 1 41 1 41 1 41 1 41 1 41 1 41 1 41 42 
40 1 41 1 41 1 41 1 41 1 41 1 41 1 41 1 41 1 41 1 41 1 41 1 41 1 41 1 41 1 41 1 41 1 41 1 41 1 41 1 41 42 
40 1 41 1 41 1 41 1 41 1 41 1 41 1 41 1 41 1 41 1 41 1 41 1 41 1 41 1 41 1 41 1 41 1 41 1 41 1 41 1 41 42 
40 1 41 1 41 1 41 1 41 1 41 1 41 1 41 1 41 1 41 1 41 1 41 1 41 1 41 1 41 1 41 1 41 1 41 1 41 1 41 1 41 42 
40 1 41 1 41 1 41 1 41 1 41 1 41 1 41 1 41 1 41 1 41 1 41 1 41 1 41 1 41 1 41 1 41 1 41 1 41 1 41 1 41 42 
40 41 41 41 41 41 41 41 41 41 41 41 41 41 41 41 41 41 41 41 41 41 41 41 41 41 41 41 41 41 41 41 41 41 41 41 41 41 41 41 41 42 