75 75
44 44 44 44 44 44 44 44 44 44 44 44 44 44 44 44 44 44 44 44 44 44 44 44 44 44 44 44 44 44 44 44 44 44 44 44 44 44 44 44 44 44 44 44 44 44 44 44 44 44 44 44 44 44 44 44 44 44 44 44 44 44 44 44 44 44 44 44 44 44 44 44 44 44 99 
0 0 0 0 0 0 0 0 0 0 0 0 0 0 0 0 0 0 0 0 0 0 0 0 0 0 0 0 0 0 0 0 0 0 0 0 0 0 0 0 0 0 0 0 0 0 0 0 0 0 0 0 0 0 0 0 0 0 0 0 0 0 0 0 0 0 0 0 0 0 0 0 0 0 99 
0 0 0 0 0 0 0 0 0 0 0 0 0 0 0 0 0 0 0 0 0 0 0 0 0 0 0 0 0 0 0 0 0 0 0 0 0 0 0 0 0 0 0 0 0 0 0 0 0 0 0 0 0 0 0 0 0 0 0 0 0 0 0 0 0 0 0 0 0 0 0 0 0 0 99 
0 0 0 0 0 0 0 0 0 0 0 0 0 0 0 0 0 0 0 0 0 0 0 0 0 56 57 57 57 57 57 57 57 57 57 57 57 58 0 0 0 0 0 0 0 0 0 0 0 0 0 0 0 0 0 0 0 0 0 0 0 0 0 0 0 0 0 0 0 0 0 0 0 0 99 
0 0 0 0 0 0 56 57 57 57 57 57 57 57 58 0 0 0 0 0 0 0 0 0 0 59 60 60 60 60 60 60 60 60 60 60 60 61 0 0 0 0 0 0 0 0 0 0 0 0 0 0 0 0 0 0 0 0 0 0 0 0 0 0 0 0 0 0 0 0 0 0 0 0 99 
0 0 0 0 0 0 59 60 60 60 60 60 60 60 61 0 0 0 0 0 0 0 0 0 0 59 60 60 60 60 60 60 60 60 60 60 60 61 0 0 0 0 0 0 0 0 0 0 0 0 0 0 0 0 0 0 0 0 0 0 0 0 0 0 0 0 0 0 0 0 0 0 0 0 99 
0 0 0 0 0 0 62 63 63 63 63 63 63 63 64 0 0 0 0 0 0 0 0 0 0 59 60 60 60 60 60 60 60 60 60 60 60 61 0 0 0 0 0 0 0 0 0 0 0 0 0 0 0 0 0 0 0 0 0 0 0 0 0 0 0 0 0 0 0 0 0 0 0 0 99 
0 0 0 0 0 0 43 44 44 44 44 44 46 44 45 0 0 0 0 0 0 0 0 0 0 62 63 63 63 63 63 63 63 63 63 63 63 64 0 0 0 0 0 0 0 0 0 0 0 0 0 0 0 0 0 0 0 0 0 0 0 0 0 0 0 0 0 0 0 0 0 0 0 0 99 
0 0 0 0 0 0 40 41 79 41 52 41 79 41 42 0 0 0 0 0 0 0 0 0 0 82 89 89 89 89 89 89 89 89 89 89 89 89 39 0 0 0 0 0 0 0 0 0 0 0 0 0 0 0 0 0 0 0 0 0 0 0 0 0 0 0 0 0 0 0 0 0 0 0 99 
0 0 0 0 0 0 40 41 41 41 41 41 41 51 42 39 0 0 0 0 0 0 0 0 0 82 89 89 89 89 89 89 89 89 89 89 89 89 39 0 0 0 0 0 0 0 0 0 0 0 0 0 0 0 0 0 0 0 0 0 0 0 0 0 0 0 0 0 0 0 0 0 0 0 99 
0 0 0 0 0 0 40 41 79 42 102 40 79 41 42 39 0 0 0 0 0 0 0 0 0 82 89 89 89 89 89 89 89 89 89 89 89 89 39 0 0 0 0 0 0 0 0 0 0 0 0 0 0 0 0 0 0 0 0 0 0 0 0 0 0 0 0 0 0 0 0 0 0 0 99 
0 0 0 0 0 0 40 52 41 42 103 40 41 41 42 39 0 0 0 0 0 0 0 0 0 82 89 89 90 90 90 90 90 90 90 89 89 89 39 0 0 0 0 0 0 0 0 0 0 0 0 0 0 0 0 0 0 0 0 0 0 0 0 0 0 0 0 0 0 0 0 0 0 0 99 
0 0 0 0 0 0 0 0 0 8 1 9 0 0 0 0 0 0 0 0 0 0 0 0 0 82 89 89 90 90 90 102 90 90 90 89 89 89 39 0 0 0 0 0 0 0 0 0 0 0 0 0 0 0 0 0 0 0 0 0 0 0 0 0 0 0 0 0 0 0 0 0 0 0 99 
0 0 0 0 0 0 0 0 0 8 3 9 0 0 0 0 0 0 0 0 0 0 0 0 0 84 93 93 93 93 93 103 93 93 93 93 93 93 39 0 0 0 0 0 0 0 0 0 0 0 0 0 0 0 0 0 0 0 0 0 0 0 0 0 0 0 0 0 0 0 0 0 0 0 99 
0 0 0 0 0 0 0 0 0 8 1 9 0 0 0 0 0 0 0 0 0 0 0 0 0 0 0 0 0 0 0 1 0 0 0 0 0 0 0 0 0 0 0 0 0 0 0 0 0 0 0 0 0 0 0 56 57 57 57 57 57 58 0 0 0 0 0 0 0 0 0 0 0 0 99 
0 0 0 0 0 0 0 0 0 8 1 15 11 11 11 11 11 11 11 11 11 11 11 11 11 11 11 11 11 11 11 1 11 11 11 11 11 11 11 11 11 11 11 11 11 0 0 0 0 0 0 0 0 0 0 59 60 60 60 60 60 61 0 0 0 0 0 0 0 0 0 0 0 0 99 
0 0 0 0 0 0 0 0 0 8 1 3 1 1 1 1 1 3 1 1 1 1 1 1 1 1 1 1 1 1 1 1 1 1 1 1 3 1 1 1 1 1 1 1 1 15 0 0 0 0 0 0 0 0 0 62 63 63 63 63 63 64 0 0 0 0 0 0 0 0 0 0 0 0 99 
0 0 0 0 0 0 0 0 0 0 12 13 10 10 10 10 10 10 10 10 10 10 10 10 10 10 10 10 10 10 12 1 13 10 10 10 10 10 10 10 10 10 10 10 12 1 9 0 0 0 0 0 0 0 0 43 44 44 53 44 44 45 39 0 0 0 0 0 0 0 0 0 0 0 99 
0 0 0 0 0 0 0 0 0 0 0 0 0 0 0 0 0 0 0 0 0 0 0 0 0 0 0 0 0 0 8 1 9 0 0 0 0 0 0 0 0 0 0 0 8 1 9 0 0 0 0 0 0 0 0 40 79 42 102 40 79 42 39 0 0 0 0 0 0 0 0 0 0 0 99 
0 0 0 0 0 0 0 0 0 0 0 0 0 0 0 0 0 0 0 0 0 0 0 0 0 0 0 0 0 0 8 1 9 0 0 0 0 0 0 0 0 0 0 0 8 1 9 0 0 0 0 0 0 0 0 40 41 42 103 40 52 42 39 0 0 0 0 0 0 0 0 0 0 0 99 
0 0 0 0 0 56 57 57 57 57 57 57 57 57 57 57 58 0 0 0 0 0 0 0 0 0 0 0 0 0 8 3 9 0 0 0 0 0 0 0 0 0 0 0 8 3 9 0 0 0 0 0 0 0 0 0 0 8 1 9 0 0 0 0 0 0 0 0 0 0 0 0 0 0 99 
0 0 0 0 0 59 60 60 60 60 60 60 60 60 60 60 61 0 0 0 0 0 0 0 0 0 0 0 0 0 8 1 9 0 0 0 0 0 0 0 0 0 0 0 8 1 9 0 0 0 0 0 0 0 0 0 0 8 13 0 0 0 0 0 0 0 0 0 0 0 0 0 0 0 99 
0 0 0 0 0 59 60 60 60 60 60 60 60 60 60 60 61 0 0 0 0 0 0 0 0 0 0 0 0 0 8 1 9 0 0 0 0 0 0 0 0 0 0 0 8 1 15 11 11 11 11 11 11 11 11 11 11 14 15 0 0 0 0 0 0 0 0 0 0 0 0 0 0 0 99 
0 0 0 0 0 62 63 63 63 63 63 63 63 63 63 63 64 0 0 0 0 0 0 0 0 0 0 0 0 0 8 1 9 0 0 0 0 0 0 0 0 0 0 0 8 1 1 1 1 1 1 1 1 1 1 3 1 1 13 0 0 0 0 0 0 0 0 0 0 0 0 0 0 0 99 
0 0 0 0 0 40 41 41 41 41 41 41 41 41 41 41 42 0 0 0 0 0 0 56 57 57 57 58 0 0 8 1 9 0 0 0 0 0 0 0 0 0 0 0 0 12 3 13 10 10 10 10 10 10 10 10 10 10 0 0 0 0 0 0 0 0 0 0 0 0 0 0 0 0 99 
0 0 0 0 0 40 41 78 78 78 41 79 41 78 78 78 42 0 0 0 0 0 0 62 63 63 63 64 0 0 8 1 9 0 0 0 0 0 0 0 0 0 0 0 0 0 10 0 0 0 0 0 0 0 0 0 0 0 0 0 0 0 0 0 0 0 0 0 0 0 0 0 0 0 99 
0 0 0 0 0 40 41 41 41 41 41 41 41 41 41 41 42 0 0 0 0 0 0 43 45 102 43 45 39 0 8 1 9 0 0 0 0 0 0 0 0 0 0 0 0 0 0 0 0 0 0 0 0 0 0 0 0 0 0 0 0 0 0 0 0 0 0 0 0 0 0 0 0 0 99 
0 0 0 0 0 40 41 78 78 41 41 41 41 79 41 79 42 0 0 0 0 0 0 40 42 103 40 42 39 0 8 1 9 0 0 0 0 0 0 0 0 0 0 0 0 0 0 0 0 0 0 0 0 0 0 0 0 0 0 0 0 0 0 0 0 0 0 0 0 0 0 0 0 0 99 
0 0 0 0 0 40 41 41 41 42 102 97 41 41 41 41 42 0 0 0 0 0 0 0 8 1 15 11 11 11 14 1 9 0 0 0 0 0 0 0 0 0 0 0 0 0 0 0 0 0 0 0 0 0 0 0 0 0 0 0 0 0 0 0 0 0 0 0 0 0 0 0 0 0 99 
0 0 0 0 0 40 41 41 41 42 103 97 41 41 41 41 42 0 0 0 0 0 0 0 8 3 1 1 4 1 3 1 9 0 0 0 0 0 0 67 68 68 68 68 68 68 68 68 69 0 0 0 0 0 0 0 0 0 0 0 0 0 0 0 0 0 0 0 0 0 0 0 0 0 99 
0 0 0 0 0 0 0 0 0 0 1 9 0 0 0 0 0 0 0 0 0 0 0 0 0 12 1 1 6 1 1 1 9 0 0 0 0 0 0 72 73 73 73 73 73 71 76 76 77 0 0 0 0 0 0 0 0 0 0 0 0 0 0 0 0 0 0 0 0 0 0 0 0 0 99 
0 0 0 0 0 11 11 11 11 14 1 15 11 11 11 11 0 0 0 0 0 0 0 0 0 0 10 10 10 10 12 1 9 0 0 0 0 0 0 72 73 73 73 73 73 74 44 44 45 0 0 0 0 0 0 0 0 0 0 0 0 0 0 0 0 0 0 0 0 0 0 0 0 0 99 
0 0 0 0 14 1 1 1 1 1 1 1 1 1 1 1 15 0 0 0 0 0 0 0 0 0 0 0 0 0 8 1 9 0 0 0 0 0 0 75 76 76 76 76 76 77 51 79 42 39 0 0 0 0 0 0 0 0 0 0 0 0 0 0 0 0 0 0 0 0 0 0 0 0 99 
0 0 0 8 1 13 10 10 10 10 10 10 10 10 10 12 1 9 0 0 0 0 0 0 0 0 0 0 0 0 8 1 9 0 0 0 0 0 0 43 44 44 53 44 44 45 41 52 42 39 0 0 0 0 0 0 0 0 0 0 0 0 0 0 0 0 0 0 0 0 0 0 0 0 99 
0 0 0 8 1 0 0 0 0 0 0 0 0 0 0 8 1 9 0 0 0 0 0 0 0 0 0 0 0 0 8 1 9 0 0 0 0 0 0 40 42 102 40 78 78 42 39 0 0 0 0 0 0 0 0 0 0 0 0 0 0 0 0 0 0 0 0 0 0 0 0 0 0 0 99 
0 0 0 8 1 0 0 0 0 0 0 0 0 0 0 8 1 9 0 0 0 0 0 0 0 0 0 0 0 0 8 1 9 0 0 0 0 0 0 40 42 103 40 52 51 42 39 0 0 0 0 0 0 0 0 0 0 0 0 0 0 0 0 0 0 0 0 0 0 0 0 0 0 0 99 
0 0 0 8 1 15 11 11 11 11 11 11 11 11 11 14 1 15 11 11 11 11 11 11 11 11 11 11 11 11 14 1 15 11 11 11 11 11 11 11 14 1 15 0 0 0 0 0 0 0 0 0 0 0 0 0 0 0 0 0 0 0 0 0 0 0 0 0 0 0 0 0 0 0 99 
0 0 0 0 12 1 1 1 1 1 1 1 1 1 1 1 1 1 1 1 1 1 1 1 1 1 1 1 1 1 1 1 1 3 1 1 1 1 1 1 1 3 13 0 0 0 0 0 0 0 0 0 0 0 0 0 0 0 0 0 0 0 0 0 0 0 0 0 0 0 0 0 0 0 99 
0 0 0 0 0 10 10 10 10 10 10 10 10 10 10 10 10 10 10 10 10 10 10 10 10 10 10 10 10 10 10 12 1 1 1 1 1 3 1 1 1 13 0 0 0 0 0 0 0 0 0 0 0 0 0 0 56 57 57 57 57 57 58 0 0 0 0 0 0 0 0 0 0 0 99 
0 0 0 0 0 0 0 0 0 0 0 0 0 0 0 0 0 0 0 0 0 0 0 0 0 0 0 0 0 0 0 0 10 12 1 13 10 10 10 10 10 0 0 0 0 0 0 0 0 0 0 0 0 0 0 0 59 60 60 60 60 60 61 0 0 0 0 0 0 0 0 0 0 0 99 
0 0 0 0 0 0 0 0 0 0 0 0 0 0 0 0 0 0 0 0 0 0 0 0 0 0 0 0 0 0 0 0 0 8 1 9 0 0 0 0 0 0 0 0 0 0 0 0 0 0 0 0 0 0 0 0 59 60 60 60 60 60 61 0 0 0 0 0 0 0 0 0 0 0 99 
0 0 0 0 0 0 0 0 0 0 0 0 0 0 0 0 0 0 0 0 0 0 0 0 0 0 0 0 0 0 0 0 0 8 1 9 0 0 0 0 0 0 0 0 0 0 0 0 0 0 0 0 0 0 0 0 62 63 63 63 63 63 64 0 0 0 0 0 0 0 0 0 0 0 99 
0 0 0 0 0 0 0 0 0 56 57 57 57 57 57 57 57 58 0 0 0 0 0 0 0 0 0 0 0 0 0 0 0 8 1 9 0 0 0 0 0 0 11 11 11 11 0 0 0 0 0 0 0 0 0 0 43 44 44 44 44 46 45 0 0 0 0 0 0 0 0 0 0 0 99 
0 0 0 0 0 0 0 0 0 59 60 60 60 60 60 60 60 61 0 0 0 0 0 0 0 0 0 0 0 0 0 0 0 8 3 9 0 0 0 0 0 14 1 1 1 1 15 0 0 0 0 0 0 0 0 0 40 51 42 102 40 52 42 0 0 0 0 0 0 0 0 0 0 0 99 
0 0 0 0 0 0 0 0 0 62 63 65 60 60 60 66 63 64 0 0 0 0 0 0 0 0 0 0 0 0 0 0 0 8 1 9 0 0 0 0 8 1 1 1 1 1 1 9 0 0 0 0 0 0 0 0 40 41 42 103 40 41 42 0 0 0 0 0 0 0 0 0 0 0 99 
0 0 0 0 0 0 0 0 0 48 49 62 63 63 63 64 49 50 39 0 0 0 0 0 0 0 0 0 0 0 0 0 0 8 1 9 0 0 0 0 8 1 1 1 1 1 1 9 0 0 0 0 0 0 0 0 0 0 8 1 9 0 0 0 0 0 0 0 0 0 0 0 0 0 99 
0 0 0 0 0 0 0 0 0 48 49 48 49 49 49 50 49 50 39 0 0 0 0 0 0 0 0 0 0 0 0 0 0 8 1 9 0 0 0 0 8 1 1 1 1 1 1 9 0 0 0 0 0 0 0 0 0 0 8 1 9 0 0 0 0 0 0 0 0 0 0 0 0 0 99 
0 0 0 0 0 0 0 0 0 48 49 48 50 102 48 50 49 50 39 0 0 0 0 0 0 0 0 0 0 0 0 0 0 8 1 9 0 0 0 0 8 1 1 1 1 1 1 9 0 0 0 0 0 0 0 0 0 0 8 1 9 0 0 0 0 0 0 0 0 0 0 0 0 0 99 
0 0 0 0 0 0 0 0 0 0 0 48 50 103 48 50 39 0 0 0 0 0 0 0 0 0 0 0 0 0 0 0 0 8 1 9 0 0 0 0 0 12 1 1 1 1 13 0 0 0 0 0 0 0 0 0 0 0 8 1 9 0 0 0 0 0 0 0 0 0 0 0 0 0 99 
0 0 0 0 0 0 0 0 0 0 0 0 12 1 13 11 11 11 11 11 11 11 11 11 11 11 11 11 11 11 11 11 11 14 1 15 0 0 0 0 0 0 10 10 10 10 0 0 0 0 0 0 0 0 0 0 0 0 14 1 9 0 0 0 0 0 0 0 0 0 0 0 0 0 99 
0 0 0 0 0 0 0 0 0 0 0 0 0 12 1 1 1 1 1 1 3 1 1 1 1 1 1 1 1 1 1 1 1 1 3 1 1 1 1 1 1 1 1 1 1 1 1 1 1 1 1 1 3 1 1 1 1 1 1 3 9 0 0 0 0 0 0 0 0 0 0 0 0 0 99 
0 0 0 0 0 0 0 0 0 0 0 0 0 0 10 10 10 10 10 10 10 10 10 10 10 10 10 10 10 10 10 10 10 12 1 13 0 0 0 0 0 0 0 0 0 0 0 0 0 0 0 0 0 0 0 0 0 0 10 10 0 0 0 0 0 0 0 0 0 0 0 0 0 0 99 
0 0 0 0 0 0 0 0 0 0 0 0 0 0 0 0 0 0 0 0 0 0 0 0 0 0 0 0 0 0 0 0 0 8 1 9 0 0 0 0 0 0 0 0 0 0 0 0 0 0 0 0 0 0 0 0 0 0 0 0 0 0 0 0 0 0 0 0 0 0 0 0 0 0 99 
0 0 0 0 0 0 0 0 0 0 0 0 0 0 0 0 0 0 0 0 0 0 0 0 0 0 0 0 0 0 0 0 0 8 1 9 0 0 0 0 0 0 0 0 0 0 0 0 0 0 0 0 0 0 0 0 0 0 0 0 0 0 0 0 0 0 0 0 0 0 0 0 0 0 99 
0 0 0 0 0 0 0 0 0 0 0 0 0 0 0 0 0 0 0 0 0 0 0 0 0 0 0 0 0 0 0 0 0 8 3 9 0 0 0 0 0 0 0 0 0 0 0 0 0 0 0 0 0 67 68 68 68 69 0 0 0 0 0 0 0 0 0 0 0 0 0 0 0 0 99 
0 0 0 0 0 0 0 0 0 0 0 0 0 0 0 0 0 0 0 0 0 0 0 0 0 0 0 0 0 0 0 0 0 8 1 9 0 0 0 0 0 0 0 0 0 0 0 0 0 0 0 0 0 72 73 73 73 74 0 0 0 0 0 0 0 0 0 0 0 0 0 0 0 0 99 
0 0 0 0 0 0 0 0 0 0 0 0 0 0 0 0 0 0 0 0 0 0 0 0 0 0 0 0 0 0 0 0 0 8 1 9 0 0 0 0 0 0 0 0 0 0 0 0 0 0 0 0 0 75 76 76 76 77 0 0 0 0 0 0 0 0 0 0 0 0 0 0 0 0 99 
0 0 0 0 0 0 0 0 0 0 0 0 0 0 0 0 0 0 0 0 0 0 0 0 0 0 0 0 0 0 0 0 0 8 1 9 0 0 0 0 0 0 0 0 0 0 0 0 0 0 0 0 0 48 49 49 49 55 39 0 0 0 0 0 0 0 0 0 0 0 0 0 0 0 99 
0 0 0 0 0 0 0 0 0 0 0 67 68 68 68 68 68 69 0 0 0 0 0 0 0 0 0 0 0 0 0 0 0 11 1 9 0 0 0 0 0 0 0 0 0 0 0 0 0 0 0 0 0 48 50 102 48 50 39 0 0 0 0 0 0 0 0 0 0 0 0 0 0 0 99 
0 0 0 0 0 0 0 0 0 0 0 72 73 73 73 73 73 74 0 0 0 0 0 0 0 0 0 0 0 0 0 14 1 1 1 9 0 0 0 0 0 0 0 0 0 0 0 0 0 0 0 0 0 48 50 103 48 50 39 0 0 0 0 0 0 0 0 0 0 0 0 0 0 0 99 
0 0 0 0 0 0 0 0 0 0 0 75 76 76 76 76 76 77 0 0 0 0 0 0 0 0 0 0 0 0 8 1 13 12 1 15 11 11 11 11 11 11 11 11 11 11 11 11 11 11 11 11 11 11 14 1 13 0 0 0 0 0 0 0 0 0 0 0 0 0 0 0 0 0 99 
0 0 0 0 0 0 0 0 0 0 0 43 46 44 44 44 53 45 0 0 0 0 0 0 0 0 0 0 0 0 8 1 9 0 12 1 1 1 1 1 1 1 1 3 1 1 1 1 1 1 1 1 1 1 3 13 0 0 0 0 0 0 0 0 0 0 0 0 0 0 0 0 0 0 99 
0 0 0 0 0 0 0 0 0 0 0 40 54 41 41 51 41 42 39 0 0 0 0 0 0 0 0 0 0 0 8 1 9 0 0 10 10 10 10 10 10 10 10 10 10 10 10 10 10 10 10 10 10 10 10 0 0 0 0 0 0 0 0 0 0 0 0 0 0 0 0 0 0 0 99 
0 0 0 0 0 0 0 0 0 0 0 40 79 42 102 40 79 42 39 0 0 0 0 0 0 0 0 0 0 0 8 1 9 0 0 0 0 0 0 0 0 0 0 0 0 0 0 0 0 0 0 0 0 0 0 0 0 0 0 0 0 0 0 0 0 0 0 0 0 0 0 0 0 0 99 
0 0 0 0 0 0 0 0 0 0 0 40 52 42 103 40 41 42 39 0 0 0 0 0 0 0 0 0 0 0 8 1 9 0 0 0 0 0 0 0 0 0 0 0 0 0 0 0 0 0 0 0 0 0 0 0 0 0 0 0 0 0 0 0 0 0 0 0 0 0 0 0 0 0 99 
0 0 0 0 0 0 0 0 0 0 0 0 0 12 1 13 0 0 0 0 0 0 0 0 0 0 0 0 0 0 8 1 9 0 0 0 0 0 0 0 0 0 0 0 0 0 0 0 0 0 0 0 0 0 0 0 0 0 0 0 0 0 0 0 0 0 0 0 0 0 0 0 0 0 99 
0 0 0 0 0 0 0 0 0 0 0 0 0 8 1 9 0 0 0 0 0 0 0 0 0 0 0 0 0 0 8 1 9 0 0 0 0 0 0 0 0 0 0 0 0 0 0 0 0 0 0 0 0 0 0 0 0 0 0 0 0 0 0 0 0 0 0 0 0 0 0 0 0 0 99 
0 0 0 0 0 0 0 0 0 0 0 0 0 8 1 15 11 11 11 11 11 11 11 11 11 11 11 11 11 11 14 1 9 0 0 0 0 0 0 0 0 0 0 0 0 0 0 0 0 0 0 0 0 0 0 0 0 0 0 0 0 0 0 0 0 0 0 0 0 0 0 0 0 0 99 
0 0 0 0 0 0 0 0 0 0 0 0 0 8 1 1 1 1 1 3 1 1 1 1 1 1 1 1 1 1 1 3 9 0 0 0 0 0 0 0 0 0 0 0 0 0 0 0 0 0 0 0 0 0 0 0 0 0 0 0 0 0 0 0 0 0 0 0 0 0 0 0 0 0 99 
0 0 0 0 0 0 0 0 0 0 0 0 0 0 10 10 10 10 10 10 10 10 10 10 10 10 10 10 10 10 10 10 0 0 0 0 0 0 0 0 0 0 0 0 0 0 0 0 0 0 0 0 0 0 0 0 0 0 0 0 0 0 0 0 0 0 0 0 0 0 0 0 0 0 99 
0 0 0 0 0 0 0 0 0 0 0 0 0 0 0 0 0 0 0 0 0 0 0 0 0 0 0 0 0 0 0 0 0 0 0 0 0 0 0 0 0 0 0 0 0 0 0 0 0 0 0 0 0 0 0 0 0 0 0 0 0 0 0 0 0 0 0 0 0 0 0 0 0 0 99 
0 0 0 0 0 0 0 0 0 0 0 0 0 0 0 0 0 0 0 0 0 0 0 0 0 0 0 0 0 0 0 0 0 0 0 0 0 0 0 0 0 0 0 0 0 0 0 0 0 0 0 0 0 0 0 0 0 0 0 0 0 0 0 0 0 0 0 0 0 0 0 0 0 0 99 
0 0 0 0 0 0 0 0 0 0 0 0 0 0 0 0 0 0 0 0 0 0 0 0 0 0 0 0 0 0 0 0 0 0 0 0 0 0 0 0 0 0 0 0 0 0 0 0 0 0 0 0 0 0 0 0 0 0 0 0 0 0 0 0 0 0 0 0 0 0 0 0 0 0 99 
0 0 0 0 0 0 0 0 0 0 0 0 0 0 0 0 0 0 0 0 0 0 0 0 0 0 0 0 0 0 0 0 0 0 0 0 0 0 0 0 0 0 0 0 0 0 0 0 0 0 0 0 0 0 0 0 0 0 0 0 0 0 0 0 0 0 0 0 0 0 0 0 0 0 99 
87 87 87 87 87 87 87 87 87 87 87 87 87 87 87 87 87 87 87 87 87 87 87 87 87 87 87 87 87 87 87 87 87 87 87 87 87 87 87 87 87 87 87 87 87 87 87 87 87 87 87 87 87 87 87 87 87 87 87 87 87 87 87 87 87 87 87 87 87 87 87 87 87 87 99 